out_file1.txt
out_file2.txt
out_file3.txt
1:  2 16 						      |	1:  4 16 
2:  1 4 12 18 						      |	2:  2 12 18 
3:  3 10 14 17 19 					      |	3:  1 3 10 14 17 19 
0:  16 							      |	0:  4 
1:  4 18 						      |	1:  2 16 
2:  2 12 17 19 						      |	2:  1 3 12 18 
3:  1 3 10 14 20 					      |	3:  10 14 17 19 
4:  9 11 13 15 						      |	4:  9 11 13 15 20 
0:  15 							      |	0:  4 
1:  4 18 						      |	1:  2 15 
2:  2 12 17 19 						      |	2:  1 3 12 18 
3:  1 3 10 14 20 					      |	3:  10 14 17 19 
4:  9 11 13 						      |	4:  9 11 13 20 
0:  14 							      |	0:  4 
1:  4 18 						      |	1:  2 14 
2:  2 12 17 19 						      |	2:  1 3 12 18 
3:  1 3 10 13 20 					      |	3:  10 13 17 19 
4:  9 11 						      |	4:  9 11 20 
0:  13 							      |	0:  4 
1:  4 18 						      |	1:  2 13 
2:  2 10 17 19 						      |	2:  1 3 12 18 
3:  1 3 9 12 20 					      |	3:  10 17 19 
4:  11 							      |	4:  9 11 20 
1:  2 18 						      |	1:  4 18 
2:  1 4 17 19 						      |	2:  2 17 19 
3:  3 20 						      |	3:  1 3 20 
0:  18 							      |	0:  2 
1:  2 19 						      |	1:  1 18 
2:  1 17 20 						      |	2:  17 19 
							      >	3:  20 
0:  17 							      |	0:  2 
1:  2 19 						      |	1:  1 17 
2:  1 20 						      |	2:  19 
							      >	3:  20 
0:  19 							      |	0:  1 
1:  1 20 						      |	1:  19 
							      >	2:  20 
out_file4.txt
0:  12 							      |	0:  6 
1:  6 14 						      |	1:  1 12 
2:  1 11 13 15 						      |	2:  11 14 
3:  10 							      |	3:  10 13 15 
0:  12 							      |	0:  6 
1:  10 14 						      |	1:  12 
2:  6 11 13 15 						      |	2:  11 14 
							      >	3:  10 13 15 
1:  10 14 						      |	1:  11 14 
2:  11 13 15 						      |	2:  10 13 15 
1:  10 13 						      |	1:  11 13 
2:  11 15 						      |	2:  10 15 
out_file5.txt
3:  -39 -27 -11 5 17 25 33 45 				      |	3:  -43 -27 -11 5 17 25 33 45 
4:  -43 -37 -31 -23 -15 -7 1 9 15 19 23 27 31 35 41 47 	      |	4:  -44 -39 -31 -23 -15 -7 1 9 15 19 23 27 31 35 41 47 
5:  -44 -41 -38 -36 -33 -29 -25 -21 -17 -13 -9 -5 -1 3 7 11 1 |	5:  -41 -37 -33 -29 -25 -21 -17 -13 -9 -5 -1 3 7 11 14 16 18 
6:  -42 -40 -34 -32 -30 -28 -26 -24 -22 -20 -18 -16 -14 -12 - |	6:  -42 -40 -38 -36 -34 -32 -30 -28 -26 -24 -22 -20 -18 -16 -
3:  -39 -27 -11 5 17 25 33 45 				      |	3:  -44 -27 -11 5 17 25 33 45 
4:  -44 -37 -31 -23 -15 -7 1 9 15 19 23 27 31 35 41 47 	      |	4:  -39 -31 -23 -15 -7 1 9 15 19 23 27 31 35 41 47 
5:  -38 -36 -33 -29 -25 -21 -17 -13 -9 -5 -1 3 7 11 14 16 18  |	5:  -37 -33 -29 -25 -21 -17 -13 -9 -5 -1 3 7 11 14 16 18 20 2
6:  -34 -32 -30 -28 -26 -24 -22 -20 -18 -16 -14 -12 -10 -8 -6 |	6:  -38 -36 -34 -32 -30 -28 -26 -24 -22 -20 -18 -16 -14 -12 -
2:  -27 -3 21 37 					      |	2:  -44 -3 21 37 
3:  -31 -23 -11 5 17 25 33 45 				      |	3:  -27 -11 5 17 25 33 45 
4:  -33 -29 -25 -21 -15 -7 1 9 15 19 23 27 31 35 41 47 	      |	4:  -31 -23 -15 -7 1 9 15 19 23 27 31 35 41 47 
5:  -44 -32 -30 -28 -26 -24 -22 -20 -17 -13 -9 -5 -1 3 7 11 1 |	5:  -33 -29 -25 -21 -17 -13 -9 -5 -1 3 7 11 14 16 18 20 22 24
6:  -34 -18 -16 -14 -12 -10 -8 -6 -4 -2 0 2 4 6 8 10 12 38 40 |	6:  -34 -32 -30 -28 -26 -24 -22 -20 -18 -16 -14 -12 -10 -8 -6
2:  -27 -3 21 37 					      |	2:  -44 -3 21 37 
3:  -29 -23 -11 5 17 25 33 45 				      |	3:  -27 -11 5 17 25 33 45 
4:  -44 -28 -25 -21 -15 -7 1 9 15 19 23 27 31 35 41 47 	      |	4:  -29 -23 -15 -7 1 9 15 19 23 27 31 35 41 47 
5:  -26 -24 -22 -20 -17 -13 -9 -5 -1 3 7 11 14 16 18 20 22 24 |	5:  -28 -25 -21 -17 -13 -9 -5 -1 3 7 11 14 16 18 20 22 24 26 
6:  -18 -16 -14 -12 -10 -8 -6 -4 -2 0 2 4 6 8 10 12 38 40 42  |	6:  -26 -24 -22 -20 -18 -16 -14 -12 -10 -8 -6 -4 -2 0 2 4 6 8
1:  -3 29 						      |	1:  -19 29 
2:  -19 5 21 37 					      |	2:  -44 -3 21 37 
3:  -23 -11 1 9 17 25 33 45 				      |	3:  -23 -11 5 17 25 33 45 
4:  -44 -21 -15 -7 -1 3 7 11 15 19 23 27 31 35 41 47 	      |	4:  -24 -21 -15 -7 1 9 15 19 23 27 31 35 41 47 
5:  -24 -22 -20 -17 -13 -9 -5 -2 0 2 4 6 8 10 12 14 16 18 20  |	5:  -22 -20 -17 -13 -9 -5 -1 3 7 11 14 16 18 20 22 24 26 28 3
6:  -18 -16 -14 -12 -10 -8 -6 -4 38 40 42 48 50 	      |	6:  -18 -16 -14 -12 -10 -8 -6 -4 -2 0 2 4 6 8 10 12 38 40 42 
1:  -3 29 						      |	1:  -19 29 
2:  -11 5 21 37 					      |	2:  -44 -3 21 37 
3:  -15 -7 1 9 17 25 33 45 				      |	3:  -11 5 17 25 33 45 
4:  -19 -13 -9 -5 -1 3 7 11 15 19 23 27 31 35 41 47 	      |	4:  -15 -7 1 9 15 19 23 27 31 35 41 47 
5:  -44 -17 -14 -12 -10 -8 -6 -4 -2 0 2 4 6 8 10 12 14 16 18  |	5:  -17 -13 -9 -5 -1 3 7 11 14 16 18 20 22 24 26 28 30 32 34 
6:  -18 -16 38 40 42 48 50 				      |	6:  -18 -16 -14 -12 -10 -8 -6 -4 -2 0 2 4 6 8 10 12 38 40 42 
1:  -3 29 						      |	1:  -44 29 
2:  -11 5 21 37 					      |	2:  -3 21 37 
3:  -13 -7 1 9 17 25 33 45 				      |	3:  -11 5 17 25 33 45 
4:  -44 -12 -9 -5 -1 3 7 11 15 19 23 27 31 35 41 47 	      |	4:  -13 -7 1 9 15 19 23 27 31 35 41 47 
5:  -14 -10 -8 -6 -4 -2 0 2 4 6 8 10 12 14 16 18 20 22 24 26  |	5:  -14 -12 -9 -5 -1 3 7 11 14 16 18 20 22 24 26 28 30 32 34 
6:  38 40 42 48 50 					      |	6:  -10 -8 -6 -4 -2 0 2 4 6 8 10 12 38 40 42 48 50 
1:  -3 29 						      |	1:  -44 29 
2:  -7 5 21 37 						      |	2:  -3 21 37 
3:  -9 -5 1 9 17 25 33 45 				      |	3:  -7 5 17 25 33 45 
4:  -44 -8 -6 -4 -1 3 7 11 15 19 23 27 31 35 41 47 	      |	4:  -9 -5 1 9 15 19 23 27 31 35 41 47 
5:  -2 0 2 4 6 8 10 12 14 16 18 20 22 24 26 28 30 32 34 36 39 |	5:  -8 -6 -4 -1 3 7 11 14 16 18 20 22 24 26 28 30 32 34 36 39
6:  38 40 42 48 50 					      |	6:  -2 0 2 4 6 8 10 12 38 40 42 48 50 
1:  5 29 						      |	1:  -44 29 
2:  -3 9 21 37 						      |	2:  -3 21 37 
3:  -44 1 7 11 17 25 33 45 				      |	3:  -4 5 17 25 33 45 
4:  -4 -1 3 6 8 10 12 15 19 23 27 31 35 41 47 		      |	4:  1 9 15 19 23 27 31 35 41 47 
5:  -2 0 2 4 14 16 18 20 22 24 26 28 30 32 34 36 39 43 46 49  |	5:  -1 3 7 11 14 16 18 20 22 24 26 28 30 32 34 36 39 43 46 49
6:  38 40 42 48 50 					      |	6:  -2 0 2 4 6 8 10 12 38 40 42 48 50 
0:  29 							      |	0:  13 
1:  13 37 						      |	1:  -44 29 
2:  5 21 33 45 						      |	2:  5 21 37 
3:  1 9 17 25 31 35 41 47 				      |	3:  1 9 17 25 33 45 
4:  -44 3 7 11 15 19 23 27 30 32 34 36 39 43 46 49 	      |	4:  3 7 11 15 19 23 27 31 35 41 47 
5:  2 4 6 8 10 12 14 16 18 20 22 24 26 28 38 40 42 48 50      |	5:  2 4 6 8 10 12 14 16 18 20 22 24 26 28 30 32 34 36 39 43 4
							      >	6:  38 40 42 48 50 
2:  9 21 33 45 						      |	2:  -44 21 33 45 
3:  7 11 17 25 31 35 41 47 				      |	3:  9 17 25 31 35 41 47 
4:  -44 8 10 12 15 19 23 27 30 32 34 36 39 43 46 49 	      |	4:  7 11 15 19 23 27 30 32 34 36 39 43 46 49 
5:  6 14 16 18 20 22 24 26 28 38 40 42 48 50 		      |	5:  6 8 10 12 14 16 18 20 22 24 26 28 38 40 42 48 50 
1:  21 37 						      |	1:  13 37 
2:  13 25 33 45 					      |	2:  11 21 33 45 
3:  11 17 23 27 31 35 41 47 				      |	3:  -44 12 17 25 31 35 41 47 
4:  -44 12 15 19 22 24 26 28 30 32 34 36 39 43 46 49 	      |	4:  15 19 23 27 30 32 34 36 39 43 46 49 
5:  14 16 18 20 38 40 42 48 50 				      |	5:  14 16 18 20 22 24 26 28 38 40 42 48 50 
1:  21 37 						      |	1:  -44 37 
2:  17 25 33 45 					      |	2:  21 33 45 
3:  -44 19 23 27 31 35 41 47 				      |	3:  17 25 31 35 41 47 
4:  16 18 20 22 24 26 28 30 32 34 36 39 43 46 49 	      |	4:  16 19 23 27 30 32 34 36 39 43 46 49 
5:  38 40 42 48 50 					      |	5:  18 20 22 24 26 28 38 40 42 48 50 
1:  25 37 						      |	1:  -44 37 
2:  21 27 33 45 					      |	2:  21 33 45 
3:  -44 23 26 28 31 35 41 47 				      |	3:  25 31 35 41 47 
4:  22 24 30 32 34 36 39 43 46 49 			      |	4:  23 27 30 32 34 36 39 43 46 49 
5:  38 40 42 48 50 					      |	5:  22 24 26 28 38 40 42 48 50 
2:  27 33 41 47 					      |	2:  -44 33 41 47 
3:  -44 28 31 35 39 43 46 49 				      |	3:  27 31 35 39 43 46 49 
4:  26 30 32 34 36 38 40 42 48 50 			      |	4:  26 28 30 32 34 36 38 40 42 48 50 
1:  33 45 						      |	1:  -44 45 
2:  31 35 41 47 					      |	2:  33 41 47 
3:  -44 32 34 36 39 43 46 49 				      |	3:  31 35 39 43 46 49 
4:  38 40 42 48 50 					      |	4:  32 34 36 38 40 42 48 50 
0:  45 							      |	0:  37 
1:  37 47 						      |	1:  -44 45 
2:  -44 41 46 49 					      |	2:  36 41 47 
3:  36 39 43 48 50 					      |	3:  39 43 46 49 
4:  38 40 42 						      |	4:  38 40 42 48 50 
0:  45 							      |	0:  -44 
1:  41 47 						      |	1:  45 
2:  -44 43 46 49 					      |	2:  42 47 
3:  42 48 50 						      |	3:  41 43 46 49 
							      >	4:  48 50 
0:  47 							      |	0:  -44 
1:  -44 49 						      |	1:  47 
2:  46 48 50 						      |	2:  46 49 
							      >	3:  48 50 
